1.3288368700359907
0.9074941735881811
0.7708774327160265
0.9510125103538516
1.035675604071495
1.0548539232036993
1.1847015733300228
1.077125040157209
0.9086701790802459
0.8936810443368427
0.7971455626076547
0.7864740035273574
0.9358317034530959
1.2074460463239258
1.271376328541088
1.0637122843211078
1.0469227419870888
1.0657373959693532
1.0386918833945118
1.0659887819983331
1.0723212935256317
1.087954798043393
0.9250103381696084
0.9410760639242932
0.9211250283668692
0.9136122367052617
0.9142712094688918
0.9114991830798553
0.9034630917949678
0.8953080384856932
0.9013757386159209
0.9160991895830735
0.9058796051249988
0.9174325067274317
0.9136675108695995
0.9043623213945509
0.9039499512727293
0.8970166375666095
0.9207594420005856
0.9118454516045311
