2.753748
2.907587
2.698310
2.861357
2.679373
2.841532
2.649055
2.829500
2.685867
2.852648
2.686585
2.872848
2.660109
2.858463
2.675943
2.846368
2.680474
2.875341
2.705843
2.861546
2.718002
2.885216
2.713928
2.895792
2.726558
2.875053
2.730391
2.845124
2.707818
2.891845
2.739660
2.890630
2.723393
2.891902
2.708328
2.885710
2.735948
2.904402
2.738970
2.895302
2.735157
2.892178
2.732571
2.868323
2.725551
2.898626
2.731532
2.894082
2.728946
2.891623
2.722710
2.902842
2.730648
2.891229
2.736006
2.899871
2.734105
2.900186
2.726532
2.850332
2.711149
2.881186
2.703842
2.880050
2.697456
2.872949
2.660142
2.872303
2.713552
2.868566
2.699735
2.880236
2.705485
2.903413
2.715742
2.880240
2.721445
2.891097
2.718438
2.898660
2.723480
2.881136
2.698138
2.879157
2.703806
2.878013
2.720674
2.881935
2.717130
2.886271
2.710477
2.897147
2.695506
2.858340
2.694798
2.877039
2.693091
2.844889
2.709724
2.889254
