1.1107757005250418
0.7406011357736126
0.618503041839125
0.7705517323064835
0.8449409469070397
0.8619962902654728
0.9322554500450204
0.8934316618690226
0.7486304783822666
0.7463464299839779
0.7600127960911923
0.7563065177807008
0.8026090628861029
1.0248528784454785
1.1081349906780087
0.8974872633999506
0.8832808525486849
0.8709581580421013
0.880361612912384
0.8873979058253432
0.8716573321896223
0.8690916783751542
0.7820424994603252
0.7604090559485945
0.7591460749821044
0.7783262473613333
0.7611380965345391
0.7530568148466739
0.78179224596586
0.7438864626327444
0.7563475945710448
0.7634971735321332
0.7493407769404863
0.74221782687624
0.7241032175661571
0.7371671863540832
0.7354992773451986
0.7263422540981772
0.7514055361105675
0.7413807004393149
