0.655273
0.683726
0.641811
0.681576
0.638984
0.685392
0.649344
0.685921
0.635652
0.685154
0.646601
0.683128
0.638645
0.682870
0.644370
0.680888
0.645353
0.685205
0.651709
0.680046
0.650415
0.681644
0.650511
0.685131
0.650571
0.685456
0.649010
0.676332
0.650121
0.686493
0.652188
0.669511
0.650381
0.686862
0.648732
0.684949
0.649732
0.685849
0.651100
0.684771
0.651248
0.686070
0.641728
0.674466
0.651952
0.686646
0.649303
0.685725
0.649781
0.686115
0.646389
0.685433
0.649680
0.685206
0.633904
0.686114
0.650558
0.675486
0.651433
0.686863
0.648759
0.669279
0.648545
0.684120
0.647771
0.676276
0.647146
0.683580
0.646933
0.667140
0.644746
0.682515
0.645038
0.676927
0.650079
0.686001
0.614336
0.660199
0.649516
0.686542
0.640281
0.686388
0.649948
0.684967
0.647586
0.684924
0.650745
0.685788
0.647193
0.686008
0.649939
0.676648
0.511705
0.531551
0.509763
0.685801
0.650594
0.686499
0.649651
0.685112
