0.768804277851977
0.46941463597276634
0.3696026144263523
0.5543524906818231
0.704370825509097
0.6285449756480899
0.7451892205001932
0.6580258098378692
0.6341365097993981
0.6826717462379738
0.6462115052502312
0.6367139551437806
0.6596008239136885
0.8101444949872555
0.8601481404398595
0.7687045681213508
0.804957868747723
0.8069280665858846
0.7853375839898699
0.7763859815631454
0.7697295702438359
0.780764937655192
0.6751538198924804
0.6583431298915278
0.6757707592536594
0.6602386841063476
0.6397393617006554
0.6553642667622613
0.6335465112790863
0.6679962325478143
0.6312674465617253
0.6656239847615849
0.6223661456260906
0.676947419207628
0.616422870704721
0.6717997463516339
0.6181131911814077
0.6699279400366501
0.6243296059469773
0.6321274059962562
