0.32738701362732303
0.18809157283597877
0.1545561767425512
0.23762744241553274
0.28083029206799376
0.2681002062477411
0.31425310378300286
0.2875819342188355
0.2700001642367161
0.27027671838967354
0.2670836150401754
0.26882737553547703
0.2758457549002129
0.34259688477707645
0.3585284522496731
0.3297716783696599
0.31158355047022634
0.33096872905789365
0.3368140692356145
0.3027267592782476
0.32894226090169393
0.3207518403305512
0.27548435256936066
0.2707629736344924
0.27292145511086346
0.27448207187455376
0.2762653492324245
0.27461566566677975
0.2687104330356985
0.2680520517608585
0.27593746462720425
0.2692112308714708
0.26915906113533256
0.27452490728941387
0.2672302210825019
0.26501314344258686
0.2616932352035641
0.26432234910017666
0.27179607954952006
0.2707082295879708
