1.434706
1.509348
1.419877
1.498776
1.414686
1.495392
1.394714
1.473665
1.395248
1.440413
1.398668
1.478543
1.400219
1.488241
1.393303
1.492435
1.410299
1.488719
1.420636
1.500238
1.417208
1.495146
1.400238
1.498681
1.418142
1.498149
1.416607
1.495711
1.416910
1.496875
1.415484
1.494753
1.415243
1.496939
1.415177
1.499680
1.419447
1.497756
1.419590
1.476317
1.420123
1.497881
1.415023
1.496832
1.417715
1.494895
1.416478
1.489723
1.417288
1.497260
1.417851
1.496651
1.419579
1.497588
1.416920
1.483223
1.421458
1.499280
1.419071
1.499380
1.412421
1.493694
1.410213
1.483545
1.130580
1.491655
1.407238
1.494506
1.409572
1.490695
1.405030
1.484294
1.394532
1.494046
1.420464
1.496651
1.414427
1.496420
1.418126
1.498010
1.146021
1.152805
1.092740
1.153030
1.091954
1.152271
1.352606
1.495003
1.415690
1.494838
1.417299
1.495929
1.417702
1.498218
1.417072
1.475480
1.417521
1.500624
1.422035
1.502216
