0.795157
0.839157
0.790519
0.833991
0.786628
0.831502
0.787209
0.832138
0.783851
0.827906
0.777453
0.831443
0.781060
0.831219
0.784476
0.831552
0.783018
0.826400
0.785407
0.820479
0.752909
0.741728
0.715668
0.640797
0.779751
0.832266
0.788545
0.816672
0.737253
0.818027
0.784727
0.832576
0.788396
0.834614
0.791603
0.836047
0.787357
0.833103
0.790977
0.833666
0.789950
0.814369
0.789631
0.834900
0.791685
0.836594
0.783342
0.834937
0.789823
0.834461
0.769893
0.832239
0.789793
0.834247
0.790992
0.829032
0.790711
0.834713
0.790024
0.810363
0.787849
0.832776
0.788463
0.834309
0.783780
0.831687
0.786864
0.830427
0.785595
0.828095
0.783755
0.828993
0.783796
0.827072
0.791957
0.835424
0.787060
0.831741
0.768972
0.836123
0.789161
0.834430
0.786115
0.831361
0.786853
0.831667
0.789479
0.830606
0.788363
0.834585
0.791660
0.835552
0.787232
0.834933
0.790882
0.835603
0.789377
0.835363
0.792504
0.835925
