1.3940084577362395
0.7923900299546968
0.6365260675870928
0.9604203454305471
1.2271019295830201
1.1508759331096694
1.2493502120634816
1.187969081683164
1.14266186236998
1.138035092982447
1.0865887539452834
1.1438283885000122
1.1547456664051687
1.1703678031166367
1.3504421567038263
1.340946837901314
1.084784541768652
1.2204954767526395
1.1207718454225726
1.2283589110715813
1.1744341788464483
1.2330956460616305
1.11249868381108
1.0965797173983136
1.0751688027269863
1.1297151136080885
1.100167091132043
1.0382879147075732
1.13513595201262
1.1301109521015051
1.034049132390899
1.1164989312248272
1.0842307329821412
1.0470179786025868
1.1056070362837664
1.1338250959893221
1.058325762949503
1.092607692348439
1.1280849609325836
1.053810144932752
