0.802855
0.867937
0.766193
0.844670
0.763004
0.844600
0.764787
0.841403
0.762465
0.840232
0.757096
0.839240
0.761236
0.839299
0.758766
0.839692
0.762029
0.845116
0.765969
0.845268
0.761806
0.838726
0.761489
0.846733
0.762959
0.843462
0.767903
0.842135
0.763230
0.840501
0.772402
0.840162
0.756637
0.841870
0.763130
0.838805
0.762819
0.841782
0.765998
0.838810
0.768382
0.847253
0.762520
0.846648
0.769802
0.844254
0.756961
0.843916
0.764911
0.840646
0.761694
0.834506
0.762922
0.840201
0.770808
0.848073
0.769895
0.840594
0.761610
0.845754
0.762630
0.841005
0.760605
0.839275
0.757040
0.834484
0.754709
0.828565
0.756633
0.838136
0.753633
0.836536
0.756944
0.844660
0.758740
0.843092
0.761233
0.841263
0.766671
0.839329
0.761933
0.837957
0.762125
0.838697
0.756876
0.841765
0.762871
0.834862
0.762604
0.840767
0.764721
0.842502
0.764606
0.840485
0.766778
0.842670
0.767042
0.847078
0.768392
0.846147
