0.660651
0.714269
0.608470
0.691830
0.626657
0.692615
0.626210
0.691721
0.627635
0.691611
0.624947
0.691848
0.623523
0.662046
0.622910
0.692042
0.625481
0.698591
0.630879
0.692792
0.626627
0.692556
0.626784
0.692123
0.628600
0.691397
0.627639
0.690659
0.627589
0.691136
0.634844
0.694421
0.629470
0.693560
0.628478
0.694900
0.628819
0.693586
0.629481
0.693265
0.630495
0.693983
0.628826
0.696550
0.630253
0.694975
0.632380
0.695041
0.629128
0.694999
0.629880
0.693358
0.630388
0.695992
0.628536
0.695957
0.630641
0.686512
0.626911
0.695153
0.627254
0.694801
0.627757
0.693260
0.626835
0.688294
0.623836
0.691562
0.626684
0.689071
0.624844
0.689401
0.625872
0.694705
0.630638
0.693223
0.627403
0.695013
0.629885
0.692720
0.627706
0.694073
0.627905
0.693069
0.625101
0.692432
0.629579
0.694312
0.628761
0.692710
0.631079
0.695030
0.629325
0.693532
0.629511
0.693832
0.627651
0.696044
0.630240
0.693181
