1.866711
2.028165
1.796814
1.964868
1.776648
1.976229
1.770648
1.968275
1.787347
1.968768
1.776579
1.962725
1.763244
1.974491
1.771073
1.966736
1.780018
1.974169
1.781338
1.967983
1.780613
1.950384
1.766997
1.964867
1.779830
1.956245
1.781067
1.948782
1.768893
1.967905
1.789174
1.958250
1.785323
1.962635
1.776906
1.960541
1.779839
1.974533
1.782431
1.959135
1.780691
1.972136
1.783905
1.970332
1.782815
1.972057
1.779316
1.970537
1.797333
1.982617
1.803316
1.982162
1.793742
1.976936
1.785235
1.984652
1.784323
1.966735
1.782491
1.969029
1.775234
1.963256
1.783541
1.967225
1.774669
1.963367
1.736704
1.964661
1.768796
1.962128
1.774327
1.966218
1.778557
1.977742
1.791366
1.952200
1.775152
1.965340
1.784515
1.969109
1.774710
1.955137
1.774320
1.959552
1.781619
1.950519
1.780712
1.956572
1.782168
1.964042
1.783279
1.966990
1.793237
1.979354
1.797358
1.973729
1.792998
1.983881
1.793017
1.981691
