0.454683
0.488089
0.436267
0.476474
0.433638
0.475978
0.433303
0.477102
0.431858
0.475448
0.431531
0.470788
0.429772
0.473997
0.431556
0.468052
0.432664
0.474624
0.435752
0.475559
0.434071
0.477120
0.434683
0.476387
0.435494
0.476292
0.434497
0.476674
0.435022
0.470448
0.435122
0.473661
0.433867
0.473612
0.429787
0.477071
0.434427
0.476896
0.434471
0.476458
0.433157
0.477551
0.430302
0.477665
0.431518
0.477079
0.434700
0.477604
0.435547
0.477322
0.434644
0.476846
0.428990
0.476001
0.425060
0.477501
0.427959
0.478232
0.435508
0.477139
0.433572
0.477278
0.434109
0.476590
0.434369
0.476879
0.432818
0.475828
0.431993
0.471730
0.430050
0.474206
0.433121
0.470721
0.435700
0.467797
0.433138
0.470737
0.435389
0.467786
0.435654
0.476569
0.434566
0.450539
0.435036
0.475867
0.434397
0.477040
0.433610
0.474921
0.435008
0.476670
0.435659
0.473757
0.436310
0.476756
0.435538
0.477396
0.435353
0.476044
