0.548547
0.582340
0.525791
0.580165
0.525719
0.574748
0.526461
0.577407
0.524666
0.560239
0.525573
0.578677
0.524011
0.577584
0.520098
0.577193
0.526869
0.581488
0.530457
0.579492
0.529131
0.580750
0.529571
0.580741
0.519795
0.580857
0.529289
0.567529
0.525021
0.580848
0.530456
0.580225
0.528983
0.580466
0.526708
0.580443
0.530038
0.572328
0.530968
0.580602
0.530401
0.581015
0.529621
0.581576
0.523629
0.581557
0.530525
0.580476
0.529715
0.580592
0.529379
0.580177
0.528902
0.581126
0.529534
0.574758
0.529744
0.580995
0.529632
0.572763
0.527761
0.580411
0.519885
0.579086
0.525217
0.579056
0.527088
0.577560
0.527081
0.578669
0.525617
0.577553
0.524210
0.579690
0.527946
0.579538
0.527959
0.567343
0.527505
0.576086
0.528803
0.579853
0.526130
0.578979
0.525627
0.579858
0.528190
0.571646
0.528757
0.576507
0.516165
0.579224
0.520700
0.580740
0.447710
0.578738
0.527564
0.579964
0.527575
0.577984
