0.980536
1.050314
0.936589
1.020135
0.932876
1.026580
0.936325
1.029583
0.936004
1.026692
0.928503
1.022013
0.935716
1.029347
0.935004
1.023903
0.937545
1.030657
0.943905
1.019065
0.938579
1.029904
0.939542
1.030380
0.939718
1.030429
0.939612
1.030313
0.936886
1.028657
0.941379
1.030146
0.936642
1.029834
0.940144
1.030595
0.938522
1.030763
0.940348
1.030820
0.940205
1.029635
0.940108
1.031383
0.940720
1.029731
0.940957
1.032096
0.940532
1.032538
0.940995
1.030566
0.940094
1.030161
0.937730
1.031725
0.940308
1.031302
0.938033
1.031017
0.937489
1.029616
0.937880
1.026285
0.937450
1.027230
0.937704
1.027673
0.935344
1.028021
0.937023
1.023609
0.936808
1.031385
0.941165
1.031962
0.935819
1.030616
0.939837
1.030746
0.928240
1.030195
0.939747
1.028802
0.938722
1.026067
0.940549
1.030714
0.939950
1.029132
0.940795
1.031726
0.938767
1.025664
0.940797
1.031466
0.940095
1.031441
0.925232
1.030698
